0.553972010454 0.553972010454 0.553972010454 0.0
1.0 1.0 1.0 1.0
1.0 1.0 1.0 1.0
0.975856450126 0.975856450126 0.975856450126 0.0
0.996193796337 0.996193796337 0.996193796337 0.0
0.933568763422 0.795854173623 0.854066312245 0.00338752341155
0.968347252353 0.80658608742 0.86410922482 0.00306504717167
0.850301501558 0.590092926739 0.707549805356 0.00831714750201
0.920644362807 0.587765883639 0.722134006792 0.0106730717512
0.938026292966 0.535357436697 0.717418182643 0.0173705311223
0.907642108865 0.586487837138 0.726819637692 0.0180097582449
0.991788028954 0.670041252378 0.801161691034 0.00942860412738
0.997816963903 0.871671653857 0.918490078384 0.00318050655915
0.987322235354 0.774387076254 0.896532544758 0.00675825433959
0.966886433851 0.741043804005 0.834388699737 0.00926728795267
0.895784465461 0.544962497678 0.675509620926 0.0245382074968
1.0 1.0 1.0 1.0
0.973884391271 0.973884391271 0.973884391271 0.0
0.771741874556 0.771741874556 0.771741874556 0.0
0.902493445174 0.687184978782 0.833815006041 0.00598835034881
0.81871157921 0.81871157921 0.81871157921 0.0
0.848381610255 0.726613144747 0.780118907929 0.00258014349179
0.971503859769 0.765721021287 0.836134380584 0.00916741152441
0.96738282083 0.751910793093 0.845932293248 0.00811420822898
0.988078566396 0.676724301239 0.820166144385 0.0107534313642
0.939560199753 0.651246466878 0.788339241429 0.0120059934372
0.997189020025 0.198633497431 0.748836113124 0.034246615146
1.0 1.0 1.0 1.0
0.929822797177 0.840996653063 0.884616598308 0.000981971205672
0.989926888286 0.849390690731 0.897774520253 0.00424957961892
0.996962553388 0.760173852191 0.821245606891 0.00702587949227
0.996703615183 0.760369547295 0.820316738557 0.00709308048679
0.997979246316 0.760590594462 0.82035622261 0.00718544060892
0.995791144492 0.637846541421 0.784760938537 0.0106537318631
0.956914693143 0.529039148996 0.756847020113 0.0245945888845
0.956557608393 0.54479892718 0.759802269028 0.0234780062503
0.977249457456 0.76031265892 0.859265709055 0.00493624445443
0.968667745611 0.861408597856 0.910851505352 0.001952477147
0.96770305309 0.814215545867 0.882466062887 0.00178592195121
0.849475484525 0.771458309268 0.809806982462 0.00101531757996
0.955382037971 0.847174119227 0.879448989005 0.00140905602527
0.943172453126 0.845772921111 0.876232128338 0.0010790123023
0.985844300348 0.842165103727 0.876259758977 0.00252339816892
0.987594673396 0.834413059951 0.875731537903 0.00265965918125
0.922382294113 0.84426030714 0.877104196047 0.000883353059336
0.985215410505 0.838068974557 0.901120327819 0.00275040441147
0.986294112168 0.833818032035 0.875505179722 0.00261510726678
0.965155895255 0.84426030714 0.881163836044 0.00159492357999
0.914561581787 0.551429345858 0.787417530968 0.014305994024
0.869037368 0.724516405922 0.835307467994 0.00255146801342
0.974935187544 0.776009627214 0.890402613076 0.00448933432889
0.99780395491 0.75554502589 0.855858245428 0.00729685316483
0.959439636135 0.850674246043 0.904197351589 0.00197312946852
0.957964468073 0.850251044156 0.904605205381 0.000975666148812
0.90574168483 0.551429345858 0.676850946933 0.0262758033953
0.910412767067 0.551429345858 0.679652823418 0.0267350462229
0.901060442412 0.551429345858 0.684379436223 0.0238790837453
0.895025210551 0.551429345858 0.746239273292 0.018967611169
0.756715883293 0.453311090153 0.615967695974 0.0155824008173
0.927298188639 0.489426581459 0.687062535801 0.0249220712783
0.990836328152 0.836661197987 0.872074944054 0.00293226703916
0.997004141128 0.626925282207 0.777963510176 0.0121484743534
0.998075141703 0.626925282207 0.780046933273 0.0121477831639
0.995914716414 0.626925282207 0.808077662074 0.014104598152
0.935974209044 0.772275554686 0.858285465161 0.0045008291465
0.976778430839 0.794875873262 0.901081159258 0.00395666066274
0.938847568538 0.778500882353 0.861318360881 0.00429915953282
0.941513200566 0.777679283081 0.861933038466 0.00448451332351
0.99015994655 0.497690592618 0.725031985896 0.0285845589578
0.739772120051 0.739772120051 0.739772120051 0.0
0.973958151542 0.602220958996 0.728063713689 0.0302376267017
0.899884460448 0.554148856814 0.669763580208 0.026478014581
0.902478172588 0.49285840476 0.710487047484 0.0176440423832
0.957765922934 0.8503577722 0.903533955907 0.00192330914657
1.0 1.0 1.0 1.0
0.957497792775 0.957497792775 0.957497792775 0.0
0.915075352527 0.542010653913 0.758631792243 0.0200261863071
0.976263791972 0.847160517235 0.881789791222 0.00199733858005
0.975535222887 0.842636138705 0.880927259606 0.00202849584842
0.985853530351 0.848184872533 0.884007222585 0.00226879478868
0.976228148959 0.834356576517 0.880373742862 0.0021232316075
0.984756463451 0.835709860525 0.874754643108 0.00257664164934
1.0 1.0 1.0 1.0
0.968347252353 0.87473859073 0.925788019545 0.00127366497468
0.986701039863 0.653022324035 0.839785333266 0.00924076268105
0.911974168948 0.551429345858 0.65766870938 0.0151776995834
0.896193853521 0.551429345858 0.67856528575 0.0239048854742
0.889235094245 0.551429345858 0.671416165092 0.0238043481395
0.92242598816 0.497591902909 0.706289877108 0.0213798779929
0.960833251175 0.89923622359 0.920234501212 0.000824454892552
0.998195720543 0.998195720543 0.998195720543 0.0
1.0 1.0 1.0 1.0
0.996696409222 0.953867910568 0.970644468663 0.000348729742745
0.965277016349 0.0811165050813 0.547067032375 0.165750198532
0.995063675464 0.928618201273 0.960415991326 0.000374367895705
0.676846522881 0.471116823466 0.607029733148 0.00923846673972
0.972322700352 0.820539986854 0.915767874348 0.00283731667561
0.994265214834 0.724516405922 0.874377559246 0.00448519077511
0.985699946413 0.724516405922 0.868274731252 0.0033200303927
0.927298188639 0.779981525431 0.841005955575 0.00385011165877
0.989989924765 0.687184978782 0.823582052654 0.00655489540607
0.927298188639 0.353370962424 0.713650433873 0.0182610681282
0.995152664827 0.7746343799 0.882385040606 0.0057260594875
0.950117488315 0.804731427538 0.874422100375 0.00251067267282
0.883119074939 0.832775416612 0.854613780551 0.000444637969761
0.847946850102 0.757592278442 0.790145825733 0.00167937565269
0.960280381244 0.757868663967 0.859868999348 0.00481424833802
0.952604487089 0.592670575799 0.789240511095 0.0142330986564
0.96728776517 0.868897420557 0.912887786105 0.00166762334562
0.993505790202 0.758115615763 0.871798133495 0.00669394848193
1.0 1.0 1.0 1.0
1.0 1.0 1.0 1.0
1.0 1.0 1.0 1.0
1.0 1.0 1.0 1.0
0.979027166528 0.704880392182 0.802357184644 0.00757300567802
