0.985324781738 0.353370962424 0.733957537171 0.022284283331
1.0 0.353370962424 0.735267059942 0.0275720750983
0.994156037814 0.444508845216 0.694282117351 0.0302551098721
0.992659182046 0.440524201233 0.729593376518 0.0306798537029
1.0 0.353370962424 0.734699924929 0.0277986511645
0.992355668893 0.522307675005 0.789381755967 0.0153788330118
0.986526670214 0.751877992131 0.832403199318 0.0118850192315
0.936570458507 0.783953641725 0.864585074232 0.00391935920245
0.992659182046 0.440524201233 0.729168274056 0.0452391849788
0.986841351573 0.755576787409 0.834037490237 0.0116773357148
1.0 0.632634477121 0.78796524136 0.0144263945879
0.994558871641 0.773659110715 0.878166783066 0.00660216074903
0.992399579623 0.493807178989 0.763611537252 0.0149942420888
0.991791015768 0.755533397749 0.835376449709 0.0122345420644
0.993662861861 0.781666914259 0.874525713086 0.00465449318481
0.910446322671 0.648339470837 0.821603500263 0.00894856346539
0.994264068097 0.353370962424 0.724494224328 0.0219919619898
0.992122382896 0.73258975006 0.850418031481 0.00643002498632
0.993172503555 0.64062812278 0.834124281967 0.0142734532404
0.992718840418 0.633478394485 0.816463469285 0.0132620916438
0.996658030224 0.198633497431 0.769257993121 0.0464320400196
0.995223331861 0.353370962424 0.701480233068 0.0280703637942
0.972102776806 0.497690592618 0.786756990522 0.0286787266492
0.995075507363 0.619602506616 0.821139055413 0.0120263260955
0.992304963411 0.766940816973 0.851080450269 0.00602285729286
0.973945090581 0.497690592618 0.769413812725 0.0264866155004
1.0 0.198974894561 0.745180966568 0.049744154426
0.992001121299 0.473448486008 0.777880903284 0.028506074023
0.993075917218 0.805559848 0.930036843437 0.00530144610131
0.988328637195 0.445111105909 0.73432185857 0.0269096418032
1.0 0.63378985577 0.805410939825 0.0120502779022
0.976443050843 0.497690592618 0.80653291313 0.0229740356367
0.993983337512 0.497690592618 0.757544338144 0.0330385641623
1.0 0.353370962424 0.786976513665 0.028925169771
0.988218539156 0.477693257462 0.793981964744 0.024314462172
0.99286990998 0.497690592618 0.730456147712 0.0299388271609
0.935224583241 0.595128894155 0.774374100138 0.00847285762208
0.995728205469 0.353370962424 0.742990644597 0.020912429165
1.0 0.634572023808 0.7882794796 0.0143385559361
0.992001121299 0.786448154508 0.898985577481 0.00548309745508
1.0 0.623600869779 0.79141325362 0.0137616442743
0.988869091126 0.726539504364 0.838323651979 0.00766513889933
0.970945766676 0.353370962424 0.755396989013 0.0219941263516
0.99289186863 0.0290729125942 0.69205868269 0.0520547112618
0.991404776659 0.445111105909 0.734684060632 0.0278976353181
0.994680863592 0.497690592618 0.761301210084 0.03035654471
0.997592593077 0.619602506616 0.834083975572 0.0116448833551
0.994439411146 0.198633497431 0.748457609389 0.0468608636984
1.0 0.0237111352942 0.663603414859 0.0777129264121
0.99783170675 0.198633497431 0.756403680823 0.0468992965723
0.983458677732 0.468893364404 0.776775086191 0.0164569668884
0.969664596886 0.716680132545 0.86394256496 0.00672996680555
0.974819525435 0.596641314135 0.846457974665 0.0129237280832
0.992769540548 0.742107464075 0.883555510477 0.00752696404088
0.974376157898 0.730456975522 0.873178103925 0.00585933310468
0.973238519462 0.719280093397 0.865267891288 0.00662442531095
0.994008168642 0.391312500342 0.728824413765 0.0280146023112
0.99403157201 0.497690592618 0.732197885683 0.0322284691559
0.98748921523 0.753081729164 0.839587229476 0.0110425757996
0.984571731437 0.761112727727 0.8412917344 0.010313188549
0.974766053155 0.772933885079 0.854725530725 0.00752085896596
0.989921350968 0.752347407021 0.840153167341 0.0113265674247
0.98459605613 0.745610126809 0.836132308991 0.0111976582104
0.989442801456 0.751117468836 0.839583671442 0.0113510397959
0.988290260473 0.876346931865 0.923170510384 0.00146496591172
0.990753606373 0.876346931865 0.927286017738 0.00142778372701
0.988960887142 0.646256983905 0.781966599502 0.0135531707876
0.991536980212 0.876346931865 0.913647024461 0.00155518213147
0.982046736438 0.635476020828 0.818848008789 0.0127007060929
0.980932339392 0.636961189765 0.819451697714 0.0127547061743
0.993904933068 0.353370962424 0.724627212724 0.0220416350682
0.996738082027 0.623854675482 0.852416262911 0.0178928394599
1.0 0.518173183212 0.833756861497 0.0162835449385
0.997880074739 0.628263342638 0.886126065214 0.0176111681384
1.0 0.353370962424 0.82339272888 0.0282436168021
0.999014447292 0.353370962424 0.819711140606 0.0224430224847
0.996892481075 0.445111105909 0.788299213666 0.0279363247031
0.996395253466 0.63456620492 0.856461922346 0.0179199120061
0.995354074659 0.794428816277 0.91076540118 0.00498737462996
0.989528702428 0.599665196837 0.758479900913 0.015368389649
1.0 0.353370962424 0.770783651279 0.0241729792928
0.991242723046 0.497690592618 0.781463424511 0.0229504621556
0.995223451086 0.835029431764 0.933649289312 0.00513210167327
0.997683932882 0.86505215337 0.945784091446 0.00311186118765
0.998400163677 0.306709393766 0.776915086644 0.0406743981704
0.997205088999 0.489426581459 0.836377546102 0.0271361491389
0.990004253026 0.195029636806 0.744300822698 0.0655133118435
0.99789855026 0.790661610694 0.924146180448 0.00679965046886
0.997998853973 0.594865955914 0.898071412027 0.0220883529641
0.995343289293 0.53207640213 0.795060886499 0.0175078885651
1.0 0.46346161922 0.842074595257 0.0193255399537
0.997470931327 0.518173183212 0.821903462163 0.0248441491993
0.996720071623 0.476478424156 0.773190969067 0.0262275380995
0.99847097277 0.378669594091 0.812926471346 0.0268402010163
0.998168000606 0.622713621935 0.854235749234 0.0124665443934
0.997898931566 0.692308214855 0.846462085031 0.0144953838767
0.99354544865 0.55918482078 0.832336300903 0.0157261206314
0.996184466403 0.304051533636 0.760666525275 0.0467607059544
0.99787442284 0.29009359514 0.774252320464 0.0449763678083
0.994283557017 0.29009359514 0.751496281203 0.0474672991927
1.0 0.353370962424 0.823097422964 0.0283744415505
0.998119621618 0.635792882173 0.840181970042 0.0166533248948
1.0 0.353370962424 0.805057353087 0.0289738963561
0.998549995929 0.507192306804 0.766248201483 0.0206688449328
1.0 0.177554392836 0.814279933694 0.0389823908229
0.996922931924 0.625454328796 0.856379181545 0.0176674315094
0.99681800918 0.457024486114 0.771994589091 0.0259173299876
0.999014447292 0.353370962424 0.831382670256 0.0240284760164
0.997868224576 0.226075207882 0.751420036835 0.0415608598694
0.999201812613 0.353370962424 0.783557729348 0.0220639297189
