0.98622778116 0.353370962424 0.734610299618 0.0222668939944
1.0 0.353370962424 0.734555453083 0.0278138480559
0.992659182046 0.440524201233 0.693418778937 0.0303182085227
0.992659182046 0.440524201233 0.750748711039 0.0320926421133
1.0 0.353370962424 0.734555453083 0.0278138480559
0.992355668893 0.353370962424 0.754755796665 0.022167962774
0.9897270225 0.747333706968 0.831955221692 0.0124679020795
0.847946850102 0.778190744034 0.803363745287 0.000999361782424
0.992659182046 0.440524201233 0.730420978605 0.0404492658804
0.989733688717 0.747333706968 0.832253909138 0.0124254046622
1.0 0.63378985577 0.788217941363 0.0143499638018
0.994541538506 0.775517757263 0.878690279365 0.00655884892973
0.992399579623 0.353370962424 0.7410631363 0.0209204444247
0.9897270225 0.747333706968 0.831955221692 0.0124679020795
0.993662861861 0.774041824723 0.833456283165 0.00570908625381
0.904150100933 0.632632971757 0.813752759022 0.00987907379908
0.994748836241 0.353370962424 0.723611439152 0.0220392619835
0.992122382896 0.651928774282 0.804651941557 0.0102226298303
0.994227854068 0.64062812278 0.83434089237 0.0143324620492
0.992773408409 0.6335252096 0.816503067475 0.013263373595
0.996658030224 0.198633497431 0.769232854054 0.0463814206491
0.998666345222 0.353370962424 0.699899428201 0.0279973909215
0.976443050843 0.497690592618 0.783934038815 0.0283804826779
0.996684469261 0.619602506616 0.822718311878 0.0120021346645
0.992304963411 0.766940816973 0.864833780993 0.00718844515137
0.976443050843 0.497690592618 0.772189721563 0.026869301807
1.0 0.198974894561 0.752382479968 0.0499818169097
0.992001121299 0.473448486008 0.797024488588 0.0331952594042
0.993132648215 0.805559848 0.931990233938 0.00514030976882
0.988328637195 0.445111105909 0.734322622631 0.0269332167514
1.0 0.63378985577 0.792531120023 0.0137275851927
0.97701735063 0.477693257462 0.805451722069 0.0237531631404
0.993983337512 0.497690592618 0.762093094951 0.0313548894039
1.0 0.353370962424 0.784262675044 0.0294714509546
0.97701735063 0.477693257462 0.787950575813 0.0238465666988
0.992264405486 0.497690592618 0.729935478312 0.029725928672
0.935224583241 -0.0474341948011 0.593963927992 0.11106499361
0.996134319749 0.353370962424 0.740318394623 0.0207498503315
1.0 0.63378985577 0.788217941363 0.0143499638018
0.992001121299 0.788448173962 0.899481800016 0.0054512041757
1.0 0.621274624094 0.786358420561 0.0146299102851
0.988869091126 0.735958939107 0.84071244202 0.00744118700246
0.986133237418 0.353370962424 0.741253696748 0.0207733223262
0.992264405486 0.0290729125942 0.691778114261 0.0521631511157
0.991404776659 0.445111105909 0.734885023603 0.0283143398194
0.992197977027 0.497690592618 0.765833829345 0.0306147042134
0.998248236516 0.619602506616 0.8338835428 0.0116822212316
0.994439411146 0.198633497431 0.718815998774 0.0554959480282
1.0 0.198974894561 0.752382479968 0.0499818169097
0.997739605466 0.198633497431 0.75643380054 0.0468340829419
0.984230180227 0.734107599993 0.841627631469 0.00700852148706
0.97075054585 0.712499371536 0.868903308148 0.00666415337531
0.974819525435 0.796934213939 0.899996476319 0.00263517281603
0.993315177636 0.742107464075 0.8833763669 0.00757526605919
0.973817101345 0.730997420916 0.873219623332 0.0058350264872
0.980759283393 0.72945928073 0.874564332955 0.00581344232193
0.99403157201 0.391312500342 0.729083031938 0.0280891223535
0.99403157201 0.497690592618 0.731684044092 0.0322405056373
0.988960887142 0.751126127687 0.839425919621 0.0113024354988
0.983973886465 0.751877992131 0.838014207544 0.0107675074208
0.988650923463 0.772933885079 0.846591850859 0.0100949958155
0.989852888891 0.751773499475 0.839939044133 0.0113533922266
0.98464633766 0.745669371351 0.836168817682 0.0111990602497
0.989852888891 0.751773499475 0.839939044133 0.0113533922266
0.988960887142 0.874257071275 0.921876657435 0.00159261361594
0.991536980212 0.876346931865 0.929286158355 0.00141239485733
0.988960887142 0.79943739276 0.883604691142 0.00399131933821
0.991536980212 0.828335122925 0.896221132017 0.0029573105105
0.983450315165 0.636961189765 0.819083741628 0.0127306844409
0.983450315165 0.636961189765 0.819083741628 0.0127306844409
0.993996571543 0.353370962424 0.724660596979 0.0220501548911
0.996738082027 0.623854675482 0.852369845313 0.0179274405893
1.0 0.518173183212 0.833771593024 0.0162798400833
0.997880074739 0.628263342638 0.886142723204 0.0176070871011
1.0 0.353370962424 0.823081022237 0.0283006318263
0.999014447292 0.353370962424 0.819933631621 0.02241218603
0.996892481075 0.445111105909 0.787755085212 0.0271040048788
0.996395253466 0.63456620492 0.856646873901 0.0179183419981
0.99620278073 0.794428816277 0.911202838014 0.00496001662688
0.989476749505 0.599003677492 0.758310746107 0.0153981713539
1.0 0.353370962424 0.770706007691 0.0241629316245
0.990640942424 0.497690592618 0.781169138846 0.0229366458345
0.995223451086 0.835029431764 0.934500500502 0.00484487908659
0.996729720427 0.86505215337 0.945126341006 0.00297890065964
0.998400163677 0.306709393766 0.776758465142 0.040679599293
0.997209375858 0.489426581459 0.836369928834 0.0271515500786
0.990004253026 0.195029636806 0.744349266426 0.0647052976759
0.99789855026 0.793197464067 0.924482234949 0.00676475933187
0.997998853973 0.594865955914 0.897829679139 0.022153552524
0.995094131979 0.53207640213 0.79478688214 0.0174945325337
1.0 0.46346161922 0.842114901114 0.0193346068723
0.997532540938 0.518173183212 0.821878120189 0.0248230901935
0.996720071623 0.518173183212 0.786807670618 0.0223590306271
0.99847097277 0.353370962424 0.782369793518 0.0278191299107
0.998039156217 0.622713621935 0.854125837266 0.0124567032628
0.997840289216 0.692308214855 0.84654828566 0.014479877955
0.99354544865 0.53207640213 0.826776173255 0.0171869785276
0.996184466403 0.304051533636 0.76626173735 0.0492594647746
0.996184466403 0.29009359514 0.773762381865 0.0450843794231
0.995621845053 0.29009359514 0.751270886198 0.0472795975226
1.0 0.353370962424 0.822997129145 0.0283830753769
0.997880074739 0.628263342638 0.83882690852 0.0168184000137
1.0 0.353370962424 0.804844862475 0.0289131699014
0.998769772162 0.507192306804 0.766076899546 0.0206923533751
1.0 0.177554392836 0.814276811308 0.0389829601535
0.996873269306 0.625820559274 0.856429427664 0.0176604707443
0.99681800918 0.625820559274 0.854838033472 0.0166626194324
0.999014447292 0.353370962424 0.831356481686 0.0240277305389
0.997868224576 0.226075207882 0.751428256995 0.0415427202822
0.999201812613 0.353370962424 0.783401399912 0.02207616968
0.997868224576 0.288462576441 0.766406298955 0.0365246364148
0.999014447292 0.726353293888 0.91648518328 0.00684714785511
0.997868224576 0.353370962424 0.783904761114 0.0157846848428
0.997868224576 0.353370962424 0.784827975647 0.020445142432
1.0 0.639014560867 0.877742714967 0.00929881235332
0.99320645173 0.75354698423 0.884940756312 0.00479219441364
0.99320645173 0.226075207882 0.686842447198 0.0650798205555
0.998333963064 0.195029636806 0.809367301422 0.0464331326109
0.998333963064 0.625111668939 0.870221733685 0.0215809765634
0.99320645173 0.926750364268 0.966494822719 0.000478766519537
0.99785100105 0.195029636806 0.740070979674 0.0562968911603
0.997509603229 0.439089994218 0.803449799346 0.0436800390101
0.99320645173 0.597809451958 0.825362529165 0.0166230994487
0.995475029443 0.726353293888 0.898834811425 0.008549307144
1.0 0.288462576441 0.83387102486 0.0444815951603
0.994617691868 0.497690592618 0.791940112289 0.0378752412973
0.994786242416 0.726353293888 0.862739515528 0.00850585583267
0.994786242416 0.726353293888 0.834564842934 0.00676419611231
0.994786242416 0.75354698423 0.887945377541 0.00668844849607
0.99620278073 0.726353293888 0.88624586165 0.00854437527587
0.99620278073 0.933473107843 0.962071235017 0.000510533959084
1.0 0.353370962424 0.81777769733 0.014892380862
0.995318960167 0.739582036722 0.892963128133 0.00587669257398
0.995628001834 0.758050474486 0.876812937182 0.00602277859244
0.996738289524 0.784137258167 0.910885373828 0.00364394562101
0.99620278073 0.854720834359 0.934019740988 0.00205925223856
0.99620278073 0.790829383911 0.923397576175 0.0063520494955
1.0 0.353370962424 0.71956240452 0.0255693007742
0.988089895768 0.805598080141 0.871202396925 0.00452206247965
0.991456613825 0.692422374987 0.822347718016 0.00650482043713
0.995719900345 0.771082375532 0.849904982421 0.00685934477299
0.98385896647 0.805598080141 0.87047048801 0.0041088738283
0.996066252415 0.771082375532 0.85559451712 0.006376089823
0.988303252666 0.764339130016 0.839333726929 0.0110961330863
0.995223451086 0.824979978224 0.914454077389 0.0057843064409
1.0 0.353370962424 0.775562281771 0.0266934121142
1.0 0.353370962424 0.784343977489 0.0209901125027
1.0 0.353370962424 0.785596521603 0.0290743066985
0.99385415463 0.5933876126 0.779793256521 0.0224357380344
1.0 0.353370962424 0.784343977489 0.0209901125027
1.0 0.353370962424 0.753898341429 0.0257005328394
1.0 0.627729706605 0.808119042778 0.0168508222633
0.99250143811 0.493403093755 0.798990675312 0.0270634796356
0.993695911981 0.683477043502 0.83031784675 0.00740401987457
0.99761242684 0.742222307658 0.913239103992 0.00888918247093
0.993695911981 0.288462576441 0.735250684639 0.0514904633082
0.99553755897 0.466248845483 0.802094714657 0.0260198893346
0.994114494747 0.670717630562 0.832467716128 0.00824302667306
0.994800183784 0.489426581459 0.789035864351 0.0252068181927
0.998521428214 0.353370962424 0.752536981681 0.0218792899284
0.993744681535 0.453621308634 0.769192934652 0.0276528583719
1.0 0.353370962424 0.801150520489 0.0190545574787
0.995223451086 0.809029288361 0.902219092361 0.00331654938729
0.996036457172 0.651246466878 0.889221511208 0.0111622568367
0.995223451086 0.844110431518 0.923405046202 0.00476290195895
0.995223451086 0.806940300785 0.91664102955 0.00406508666035
0.995223451086 0.763645652064 0.903723803695 0.00444419153101
1.0 0.198974894561 0.812320567193 0.0410975698257
0.996617109482 0.746152223288 0.897723357516 0.00558186466049
1.0 0.631484383151 0.839192798566 0.0131457383322
0.996729720427 0.353370962424 0.735349012859 0.0356215325979
0.997156006471 0.755703786234 0.896362778675 0.00545498698699
0.998698382368 0.611450204202 0.824417820409 0.0246871614671
0.997492891126 0.551297529249 0.783554966016 0.0362392561102
0.995680450102 0.638368351291 0.875278844335 0.0131598799564
0.997492891126 0.246964943746 0.715598659893 0.0442378984016
0.997617659268 0.602731377721 0.851880949283 0.019219173082
1.0 0.599921179551 0.871405018964 0.00932429702269
0.995713729651 0.29009359514 0.83349099959 0.0301422601654
0.998184160778 0.353370962424 0.847932086853 0.0220170961408
0.999331006637 0.627034989939 0.825379073554 0.0166751319114
1.0 0.631667020737 0.833727663305 0.0116160193001
0.997609608329 0.445111105909 0.750960594719 0.0281328477379
0.976145107907 0.353370962424 0.738316988217 0.0168115060778
0.988428438533 0.353370962424 0.706267589783 0.0296234386502
0.997392630585 0.54900855431 0.84164652932 0.0161539758636
0.999060310729 0.489426581459 0.864422832799 0.0262725440529
1.0 0.453621308634 0.820475637184 0.0196735464219
1.0 0.424514343735 0.771385140097 0.0358032125084
0.927298188639 0.489426581459 0.694337421088 0.0309064332605
1.0 0.489426581459 0.763522372043 0.0373031911129
0.991696745863 0.750801162948 0.875486241607 0.00479735630367
0.990274513722 0.608473983766 0.851376262324 0.00947388212504
0.984693305232 0.670717630562 0.880293555444 0.00643045251746
0.996117977572 0.198633497431 0.707720417486 0.0560025112585
0.976905627426 0.785355602873 0.917442183241 0.00398417045814
0.991594552449 0.651246466878 0.876574350434 0.0108797215201
0.994643964133 0.608473983766 0.838937293941 0.0105828381882
1.0 0.198633497431 0.736135240099 0.0620348774821
0.995829307664 0.195029636806 0.791794774562 0.0454616666629
0.994739618221 0.195029636806 0.803688980386 0.0464353104961
0.998601656238 0.288462576441 0.750356987749 0.0469808692274
0.998973849779 0.630361891363 0.886520627553 0.0109463708273
0.996950137773 0.80465910305 0.924842704936 0.00423244431918
0.996720071623 0.523197804566 0.841916951789 0.0249754415528
0.996950137773 0.750632096813 0.888993746731 0.00882099910153
1.0 0.353370962424 0.843085008607 0.0242088550351
0.996044449065 0.759598534024 0.904221330329 0.00622364724018
0.996044449065 0.759598534024 0.904221330329 0.00622364724018
0.996044449065 0.935550012776 0.971791489823 0.00056225645665
0.996044449065 0.935550012776 0.971791489823 0.00056225645665
0.998633874562 0.674622540564 0.857286993593 0.00948090535534
0.998633874562 0.674622540564 0.857286993593 0.00948090535534
0.998765210839 0.353370962424 0.783822015484 0.0267111894149
0.999653666638 0.630467342146 0.863798806401 0.0133799239725
0.996044449065 0.592654194127 0.845856595577 0.00956331858695
0.998633874562 0.288462576441 0.781128068281 0.0351814407916
0.998039156217 0.629231003821 0.880486725036 0.0132068567978
0.998847925947 0.629231003821 0.873186899246 0.0141301328292
0.998039156217 0.518173183212 0.824335251726 0.0240201095273
0.996506995473 0.523197804566 0.812356151574 0.0215805499542
0.9990630903 0.53207640213 0.828317927161 0.0169751002826
0.995094131979 0.552080463345 0.839297165194 0.0127289462635
0.996994221901 0.693903444791 0.892686142314 0.0118125662572
0.998309319162 0.518173183212 0.809856852277 0.024515077
0.997581643528 0.401492915406 0.805180499546 0.0368861736945
0.992700891411 0.641124526699 0.859418249618 0.013221130975
0.998895022137 0.353370962424 0.805857388001 0.0200432842138
1.0 0.276943612317 0.77958556498 0.0437060494998
0.999321743387 0.464680412831 0.822154824064 0.0257136612306
0.998039156217 0.53207640213 0.839586779895 0.0187415202388
0.999321743387 0.464680412831 0.822154824064 0.0257136612306
1.0 0.464652733315 0.797454471896 0.0206002594144
1.0 0.53207640213 0.846387078654 0.0178490210985
0.997827712858 0.53207640213 0.837241716322 0.0188415318079
1.0 0.53207640213 0.848457298926 0.014655360413
0.993791395964 0.641124526699 0.881963218397 0.0132336489526
0.989714276485 0.53207640213 0.756612635837 0.0147925393714
0.989779560668 0.673370161235 0.824459791469 0.0115840844326
0.990959025286 0.629231003821 0.839427991417 0.0136995716349
0.967674448724 0.518173183212 0.78658571444 0.0122620893213
0.995601659964 0.629231003821 0.818517596274 0.013996656578
0.996646631483 0.629231003821 0.81598030092 0.0143134390421
0.996848643241 0.306709393766 0.711202971139 0.0422930714756
1.0 0.29009359514 0.765391648607 0.0323698379543
0.99611438419 0.195029636806 0.757106019597 0.0343595347856
1.0 0.353370962424 0.83232435414 0.0174261538979
0.996916705887 0.353370962424 0.803227116791 0.0260548811643
1.0 0.306709393766 0.702096192214 0.0409777645163
0.996723240051 0.622713621935 0.835061317125 0.0115957103479
1.0 0.590433588091 0.846199619068 0.00998054575509
0.991509889959 0.53207640213 0.817742412404 0.0141887046549
0.998767259929 0.53207640213 0.817761626986 0.0151508251347
0.99592199996 0.53207640213 0.829134428391 0.0184548004609
1.0 0.494925834307 0.812759664689 0.0197326559093
0.998080333105 0.53207640213 0.855043438275 0.0169229087687
0.996084610004 0.518173183212 0.85352747499 0.0223700514355
1.0 0.518173183212 0.833976205175 0.019203528546
0.995155344781 0.53207640213 0.821574353833 0.0160642905387
0.987570582805 0.693903444791 0.852450035113 0.0117969537134
0.99354544865 0.53207640213 0.813210527423 0.0149539207284
1.0 0.288462576441 0.750667046771 0.0440887008607
0.995865774092 0.53207640213 0.821561894416 0.0152153703039
0.996184466403 0.637916628661 0.860159619502 0.0168042921325
1.0 0.353370962424 0.789465262476 0.0262282189533
1.0 0.633916198608 0.81187684686 0.0174475485368
0.998476756333 0.629542955919 0.870429446529 0.0180780138348
0.996184466403 0.636466264994 0.854960961017 0.012299590928
0.999092461903 0.592654194127 0.853391826956 0.0160355549606
0.998689541677 0.632329426448 0.853644999865 0.0195626603011
1.0 0.288462576441 0.736234299933 0.0414422246527
0.992235649416 0.304051533636 0.774749103979 0.0426072255261
1.0 0.353370962424 0.768326487299 0.0302301512638
1.0 0.353370962424 0.794794516117 0.0239502301401
0.998933215638 0.793197464067 0.915327498924 0.00460256482943
0.998866562945 0.288462576441 0.751129954988 0.0467296054792
0.996741846963 0.631005027595 0.804254959956 0.0199771469766
1.0 0.629313902122 0.839910521104 0.0190585744573
0.999055710355 0.353370962424 0.781127275799 0.0249585061829
0.996588931455 0.629313902122 0.883450361209 0.0183146038137
0.997908275669 0.29009359514 0.776870907763 0.0480094318588
1.0 0.62596675124 0.838296094021 0.0194415886582
1.0 0.29009359514 0.786250537783 0.032743029164
0.998769772162 0.862079865102 0.929325006205 0.00422206738335
1.0 0.594195544542 0.800771948012 0.015581752063
1.0 0.588101685342 0.820900012646 0.0133550354881
0.997222953338 0.597809451958 0.818201508851 0.0144807978321
0.998414000531 0.632706193095 0.83740996173 0.0210156701723
0.999566591578 0.353370962424 0.848073289327 0.0246365538235
0.997224130766 0.625820559274 0.828480665161 0.0188014861407
1.0 0.3649769931 0.753215371757 0.0421286128573
1.0 0.625820559274 0.853785291586 0.0228404942514
1.0 0.627840863173 0.830001520179 0.0182297033679
0.99198710606 0.625820559274 0.805729151021 0.0119147849846
1.0 0.588101685342 0.777450452661 0.0157301138694
0.99198710606 0.625820559274 0.84791023592 0.0123024084016
1.0 0.396636386625 0.786833211006 0.0177329712506
0.99198710606 0.784096054462 0.888579320504 0.00328643250719
1.0 0.198633497431 0.711264207898 0.0445682778965
0.99681800918 0.588101685342 0.846084140971 0.0220493576494
1.0 0.625820559274 0.834240893847 0.0209820487652
0.99681800918 0.588101685342 0.846084140971 0.0220493576494
1.0 0.353370962424 0.799567650694 0.028356969129
1.0 0.559773490833 0.82078401408 0.0171190349981
0.998895683841 0.439943209292 0.794602941223 0.03362586547
0.999014447292 0.353370962424 0.826652617217 0.0210176415317
0.999014447292 0.794787280764 0.939566154618 0.0040977373781
0.997868224576 0.726564019319 0.860449860743 0.00933542239482
1.0 0.528286198275 0.814568676236 0.0263222727227
0.997868224576 0.198633497431 0.702784799073 0.0524182205048
0.999014447292 0.608473983766 0.833835949927 0.0147986581952
0.997868224576 0.726564019319 0.817773530514 0.00629936758091
1.0 0.559773490833 0.842611597102 0.0193245270029
0.999014447292 0.813594577777 0.902994682112 0.00534847934288
0.993266750548 0.29009359514 0.75910317532 0.0563557496669
0.998507274906 0.625111668939 0.867239272324 0.0181048955483
0.998333963064 0.597809451958 0.888024817842 0.0150088434625
0.99475250514 0.306709393766 0.70800367919 0.0553616780335
0.996253865835 0.597809451958 0.843842052464 0.0114693564202
0.996504344641 0.195029636806 0.823425694267 0.0382714251785
0.9947377447 0.597809451958 0.854423471224 0.0207936598705
0.999442329066 0.353370962424 0.834090290421 0.0273765781626
0.992753530301 0.29009359514 0.754620003418 0.0576304216897
0.989139883781 0.402236284728 0.72605236795 0.0417802581724
1.0 0.195029636806 0.809672130767 0.0327835307124
0.995475029443 0.246964943746 0.825092816178 0.0224946831809
0.997756941584 0.447067760422 0.798191362324 0.0222130977385
1.0 0.670717630562 0.869438898425 0.00920007850585
0.99329015571 0.921927093669 0.960508211551 0.00102687138622
0.992705074995 0.611207964934 0.855946483461 0.0078594915625
1.0 0.724516405922 0.843388597423 0.00773780304601
0.992969100671 0.630075196393 0.876972998721 0.015172316046
0.998853758802 0.288462576441 0.836644412511 0.0296427448431
0.997634166249 0.805598080141 0.906528105775 0.00318751434107
0.998330593789 0.288462576441 0.740076816248 0.0427352189152
0.994092709821 0.670717630562 0.857327088303 0.00639174416229
0.994092709821 0.830829764343 0.891549216008 0.00531709014517
0.997211802662 0.724516405922 0.889525571053 0.00814006480179
0.99803423432 0.195029636806 0.772944449469 0.0432000078679
1.0 0.838967168365 0.955028658721 0.00239240135136
0.99905868357 0.836920063117 0.932985567959 0.00602373452226
0.998674717552 0.724516405922 0.892101504809 0.00639791856706
0.996338609753 0.771458309268 0.874891423676 0.00586044554387
0.996407513485 0.726353293888 0.863632461209 0.00846555908043
0.995920581049 0.616887965607 0.806837052476 0.0221823519592
0.996720397544 0.637040033978 0.846685348798 0.016261144318
0.993249993709 0.651246466878 0.863459432896 0.0112218045845
0.995440586382 0.62603681297 0.857149252653 0.0175030172239
0.993249993709 0.807682838049 0.92259539128 0.00315492467299
0.996015195506 0.812255967299 0.918970579813 0.00518053766952
0.995504214463 0.353370962424 0.795377906852 0.0241464632651
0.996848188208 0.246964943746 0.725831754009 0.0424076700281
0.993170133056 0.803850439401 0.937275535886 0.0035040116392
0.997241309234 0.353370962424 0.779855252724 0.0177103979959
0.995398192069 0.353370962424 0.813795173375 0.0164958697339
0.996045439636 0.551429345858 0.81609870029 0.0221363847632
0.995753391299 0.353370962424 0.810984671271 0.0165131438638
0.996916381319 0.246964943746 0.741763856707 0.0336270549414
1.0 0.353370962424 0.770268826969 0.0212953760307
1.0 0.353370962424 0.736598926057 0.0292516059403
1.0 0.353370962424 0.757645751689 0.0216238172117
0.996723427372 0.276943612317 0.816141255008 0.0494218494445
0.992444493183 0.629173567915 0.857400714626 0.0104225801174
0.992444493183 0.760940040194 0.875267666122 0.00660855991354
0.992444493183 0.29009359514 0.748611135997 0.0370090293642
0.992444493183 0.760940040194 0.881770598862 0.00419170407278
0.998455866342 0.746556304168 0.890872253564 0.00603780491262
0.991569624162 0.763897674815 0.901008843209 0.00632235392208
0.991569624162 0.763431812955 0.894580369605 0.00695520640822
0.995067051766 0.803850439401 0.906327098163 0.00388093592112
1.0 0.497690592618 0.754622158508 0.0252743290402
0.996795984517 0.760485763236 0.896327948255 0.00726882001918
0.996228146169 0.742485470991 0.893249455229 0.00746701734927
0.993896921763 0.743000192179 0.887242132554 0.00533083272699
0.994269712653 0.76285489954 0.873224156555 0.00748336326748
