0.995106957324 0.468893364404 0.780066582316 0.0270285456451
0.995019392508 0.522519979683 0.739959001076 0.0352666078139
0.963275345132 0.72624788418 0.873403738076 0.0058501095614
0.998674932157 0.256846408838 0.675124118082 0.0538822298895
0.996652997979 0.637737999888 0.837659830437 0.0121848178451
0.995019392508 0.50147677206 0.788744137604 0.0425642883784
0.994846484681 0.198633497431 0.710123249848 0.0502806270238
0.998228458575 0.752168647844 0.904022686204 0.00603817025226
0.990361278739 0.629229491167 0.835538696468 0.0116449104236
0.998207797454 0.628124900791 0.838515309683 0.0148466427262
0.998774402362 0.353370962424 0.844171639681 0.0220258061078
0.992314110019 0.509553902202 0.808461096467 0.0294268754752
0.977640387039 0.565269292789 0.774030815736 0.0239604612386
1.0 0.453311090153 0.782299042835 0.0234111109945
0.972835895606 0.565269292789 0.769454789038 0.0225636864886
0.991333068042 0.565269292789 0.780904772788 0.0391641205783
0.991333068042 0.565269292789 0.780904772788 0.0391641205783
0.972835895606 0.565269292789 0.762652910384 0.0345097811153
0.996608822261 0.565269292789 0.79178948261 0.034762748705
0.996936964976 0.565269292789 0.777898972833 0.0407366276093
0.984397050458 0.759598534024 0.904438614721 0.00621443032604
0.995020773307 0.256846408838 0.625783200505 0.044560837278
0.985983239101 0.451415734336 0.840457193031 0.0226273518632
0.992145138864 0.565269292789 0.783234666236 0.0404439617544
0.969320618809 0.565269292789 0.75731952869 0.0337756254825
0.981755264244 0.562278996165 0.779243470579 0.040509540825
0.983161058525 0.566420816341 0.765278131211 0.0331556874583
1.0 0.256846408838 0.687578958413 0.0429366843575
0.990544222615 0.565269292789 0.782279615605 0.0377668799531
0.968741552618 0.565269292789 0.760147986182 0.0344306478689
0.965969331329 0.965969331329 0.965969331329 0.0
0.963060576456 0.256846408838 0.668817169939 0.0440041862588
0.984041837712 0.256846408838 0.680089088886 0.0546809316523
0.981570836872 0.256846408838 0.6785391706 0.0549832696409
0.987924292414 0.479518603873 0.684267256325 0.0325434886949
1.0 0.371265341124 0.696996079114 0.0647636724677
0.950738534944 0.256846408838 0.666114776512 0.047001313422
0.980031553683 0.565269292789 0.784223523028 0.0372809722407
1.0 0.256846408838 0.62068391015 0.0454232361182
0.99523103505 0.195029636806 0.666480191858 0.046288421893
0.997781171827 0.536505208731 0.82969903224 0.0365205101984
0.977521708706 0.86793999121 0.916430707493 0.00208074239172
1.0 0.264817127612 0.671478590641 0.0773007929252
0.9074776175 0.544962497678 0.724007555131 0.0287505188046
0.997781171827 0.264817127612 0.690112456255 0.0572102342441
0.977521708706 0.551429345858 0.760744574077 0.0226937567891
1.0 0.256846408838 0.713515488427 0.0507085865654
0.977521708706 0.567809701802 0.789753888233 0.0255506563927
0.989462698277 0.587765883639 0.826755469475 0.0263280610593
0.984716680716 0.256846408838 0.693166648729 0.0605325040077
1.0 0.256846408838 0.688869178347 0.0683135616814
1.0 0.256846408838 0.623181980101 0.0695184612921
0.990760290586 0.587765883639 0.824588220862 0.025616722446
0.977640387039 0.22595442467 0.667879702745 0.0422508285806
0.942310311034 0.256846408838 0.67015566412 0.0528774180147
0.965969331329 0.965969331329 0.965969331329 0.0
0.969320618809 0.969320618809 0.969320618809 0.0
0.996029714346 0.256846408838 0.746902082969 0.052902207439
1.0 0.256846408838 0.623181980101 0.0695184612921
0.99240940472 0.195029636806 0.713284333247 0.0421513711902
1.0 0.256846408838 0.656704584843 0.0661138395531
0.965969331329 0.565269292789 0.76428348785 0.0332630539968
1.0 0.256846408838 0.623181980101 0.0695184612921
0.966049474843 0.22595442467 0.702254019667 0.0445257985356
1.0 0.256846408838 0.623181980101 0.0695184612921
0.986723954867 0.565269292789 0.784788344707 0.0363871161825
0.972835895606 0.972835895606 0.972835895606 0.0
0.992145138864 0.7909440414 0.894014013274 0.00822002639234
1.0 0.256846408838 0.654274604782 0.0552332794105
0.965969331329 0.256846408838 0.672222657896 0.0563263177634
0.99395774038 0.817208645763 0.933539057823 0.00455591279578
0.997781171827 0.256846408838 0.676441298103 0.052687894101
0.965969331329 0.565269292789 0.76428348785 0.0332630539968
0.995840912145 0.92535132354 0.962758762723 0.000690118423905
0.972835895606 0.256846408838 0.671828737717 0.057086070091
0.965969331329 0.256846408838 0.672222657896 0.0563263177634
0.989435238588 0.565269292789 0.828656836796 0.0333289225824
0.995840912145 0.256846408838 0.685582968844 0.0563857561469
0.966049474843 0.22595442467 0.652461300906 0.0374981052915
0.991885651977 0.565269292789 0.787584946907 0.0360314637577
0.938187763002 0.371265341124 0.562593538843 0.0705438229879
1.0 0.256846408838 0.621091411416 0.0653815583381
0.968267586343 0.256846408838 0.670505009931 0.056663209149
0.97732228376 0.256846408838 0.684829426061 0.0513691159651
0.97732228376 0.256846408838 0.684829426061 0.0513691159651
1.0 0.256846408838 0.656299459964 0.0642587816667
0.995840912145 0.256846408838 0.683776385334 0.0560680686049
0.968267586343 0.256846408838 0.670505009931 0.056663209149
0.979372651476 0.256846408838 0.588713104769 0.0419936098567
1.0 0.453311090153 0.737496535038 0.0279072267842
0.968267586343 0.565269292789 0.759228635558 0.0353734953691
0.970511785912 0.371265341124 0.73823889053 0.0648557206559
0.972835895606 0.565269292789 0.762652910384 0.0345097811153
0.968741552618 0.968741552618 0.968741552618 0.0
0.997781171827 0.536505208731 0.82969903224 0.0365205101984
0.97207406683 0.33563765348 0.714467492017 0.052825155237
0.995425078568 0.536505208731 0.716693291743 0.0305735877187
0.995538060074 0.256846408838 0.663121846509 0.0435108234472
0.99761774926 0.542710864645 0.813033308692 0.032234496446
0.995425078568 0.514504988551 0.744537518327 0.0343626331551
0.970511785912 0.371265341124 0.73823889053 0.0648557206559
0.987924292414 0.987924292414 0.987924292414 0.0
0.970511785912 0.371265341124 0.775676400322 0.0571573259092
0.987460478395 0.540757713375 0.793924528593 0.0266287817984
0.996156483139 0.536505208731 0.817092918469 0.0329211387279
0.987460478395 0.542710864645 0.813996935938 0.0307397253693
0.991265312521 0.514504988551 0.746022326009 0.0297864177213
0.993371031322 0.535528383251 0.843420061701 0.0202803898962
0.998566671887 0.542710864645 0.813392151124 0.0325150740674
0.996420327534 0.536505208731 0.786163392513 0.031980969871
0.997781171827 0.536505208731 0.799487690574 0.038055504367
0.998566671887 0.542710864645 0.813392151124 0.0325150740674
0.996420327534 0.536505208731 0.786163392513 0.031980969871
0.987460478395 0.540757713375 0.749104545799 0.0287922156143
0.987460478395 0.540757713375 0.749104545799 0.0287922156143
0.995024446604 0.542710864645 0.813368529074 0.0318028706423
0.979372651476 0.256846408838 0.588713104769 0.0419936098567
0.998566671887 0.542710864645 0.813392151124 0.0325150740674
0.965969331329 0.965969331329 0.965969331329 0.0
0.996976616238 0.514504988551 0.781226913036 0.0303336363928
0.977640387039 0.565269292789 0.779491907232 0.0378178175373
0.998566671887 0.484773360546 0.762867495857 0.0277014351363
0.995425078568 0.536505208731 0.789773302829 0.0398976284483
0.996622982325 0.479518603873 0.680277434339 0.0330013224007
1.0 0.195029636806 0.732424960983 0.0436891581758
0.991265312521 0.542710864645 0.811973263359 0.0318424573752
0.965969331329 0.451415734336 0.795032227109 0.0280967561586
0.998566671887 0.542115755022 0.747771748215 0.0294435550106
0.970511785912 0.371265341124 0.73823889053 0.0648557206559
0.987460478395 0.542710864645 0.813954658727 0.0291060505738
0.998312429069 0.2551417999 0.739932216873 0.030179483094
0.996420327534 0.536505208731 0.786163392513 0.031980969871
0.950738534944 0.587765883639 0.777155658038 0.02758470853
0.997438240552 0.529098195046 0.814589847268 0.0282913881627
0.998312429069 0.2551417999 0.800892287678 0.0273486603106
0.99761774926 0.542710864645 0.813033308692 0.032234496446
0.987460478395 0.906436463594 0.94904590643 0.000857284827357
0.997781171827 0.529098195046 0.824064349575 0.0300725702185
0.995538060074 0.514504988551 0.748338548237 0.0334896858897
0.935985270508 0.513161084036 0.743499881311 0.0363099662363
0.996243972889 0.514504988551 0.741140288981 0.0372971207933
1.0 0.451415734336 0.798237036045 0.0253072519835
0.997781171827 0.536505208731 0.799487690574 0.038055504367
0.963246217679 0.935444628029 0.946184842403 0.000148799935413
0.995425078568 0.536505208731 0.748208003528 0.0342568381411
0.994846120092 0.513161084036 0.773618804123 0.0286718697517
0.990555033018 0.451415734336 0.809320379151 0.0204937888006
0.997781171827 0.536505208731 0.805518279718 0.0300895132008
0.995840912145 0.926939794322 0.957784126935 0.000568557116862
0.993937264813 0.653229238015 0.854015470499 0.0121547897992
0.997781171827 0.536505208731 0.799487690574 0.038055504367
0.997781171827 0.536505208731 0.84241906375 0.0288378876663
0.996243972889 0.479518603873 0.723085472017 0.0314217046467
0.988040848045 0.479518603873 0.678382639492 0.0366321297544
0.970511785912 0.371265341124 0.73823889053 0.0648557206559
0.995663645987 0.513161084036 0.821896650476 0.029227356829
1.0 0.451415734336 0.706973509781 0.0289842985052
0.935985270508 0.513161084036 0.743499881311 0.0363099662363
0.977271079093 0.901048162806 0.940500300474 0.000653949374157
0.997781171827 0.536505208731 0.826369115207 0.0295209827445
0.941986737117 0.540757713375 0.687864848545 0.0325568669717
1.0 1.0 1.0 1.0
0.995425078568 0.536505208731 0.747041676601 0.0331246052053
1.0 0.479518603873 0.715985309293 0.0343583310173
0.935985270508 0.513161084036 0.743499881311 0.0363099662363
0.970511785912 0.371265341124 0.73823889053 0.0648557206559
0.996496724335 0.753226865088 0.879341174608 0.00735014689386
0.919446751058 0.724516405922 0.852995048666 0.00275517619173
0.990902291922 0.928618201273 0.95939289617 0.0003306956766
0.991832708606 0.437150798924 0.759909306905 0.0552709338113
0.991832708606 0.437150798924 0.759909306905 0.0552709338113
0.994864867001 0.41949352331 0.757590782813 0.0552316610067
0.996676410234 0.927966787008 0.962772477348 0.000587069969677
0.998550884469 0.542226074767 0.831451480628 0.034629830203
0.991832708606 0.437150798924 0.822488400472 0.0475664222722
0.996783600275 0.928618201273 0.958038353425 0.000445266314782
1.0 0.256846408838 0.606024368059 0.0501771933785
1.0 0.256846408838 0.647275396 0.0566727932815
1.0 0.256846408838 0.607058327049 0.0511183808083
1.0 0.256846408838 0.572848101043 0.046838549153
1.0 0.256846408838 0.609309118585 0.0498713558223
0.989062459458 0.528862231229 0.78318941699 0.0225308607174
0.997955541799 0.33563765348 0.68852498776 0.0515569633398
0.985091334767 0.814906197324 0.891535020185 0.00214048223625
1.0 0.256846408838 0.626942575122 0.0567141671009
0.914256206076 0.256846408838 0.617866314851 0.0440337098011
1.0 0.256846408838 0.645364528494 0.0486201874104
0.998550884469 0.497690592618 0.804425929322 0.0304083901445
0.972322700352 0.756448136237 0.892254077814 0.00597114555291
0.952320983859 0.755603314243 0.847371461251 0.00405629927161
0.996417390154 0.437150798924 0.760391651355 0.0550272899921
0.952320983859 0.755603314243 0.847371461251 0.00405629927161
0.993316531405 0.928618201273 0.959456219617 0.000360835884085
0.993462089466 0.928618201273 0.964426142577 0.000408214940645
0.993316531405 0.928618201273 0.959015214096 0.000364079753222
0.993316531405 0.928618201273 0.959015214096 0.000364079753222
0.993316531405 0.928618201273 0.959015214096 0.000364079753222
0.993316531405 0.928618201273 0.959456219617 0.000360835884085
0.993316531405 0.928618201273 0.959015214096 0.000364079753222
0.994046282331 0.928618201273 0.959558345017 0.000365278781694
0.972322700352 0.756448136237 0.892254077814 0.00597114555291
0.983524747924 0.755603314243 0.866697188203 0.00565867494653
0.975523895868 0.771458309268 0.881727538783 0.00412416995795
0.960685876356 0.643841986234 0.811049872116 0.00895587332858
0.95875940103 0.521261304797 0.716816549047 0.0285412102529
0.951116880385 0.513161084036 0.746816534745 0.0396606759603
0.95875940103 0.521261304797 0.716816549047 0.0285412102529
0.991774437465 0.521261304797 0.799940383101 0.0393407693156
0.987498226743 0.542710864645 0.779902852411 0.0318832067589
0.95045547037 0.95045547037 0.95045547037 0.0
0.991774437465 0.521261304797 0.799940383101 0.0393407693156
1.0 1.0 1.0 1.0
0.991774437465 0.521261304797 0.799940383101 0.0393407693156
0.951116880385 0.513161084036 0.746816534745 0.0396606759603
0.988043842547 0.928618201273 0.961988535394 0.00044515540061
1.0 0.439943209292 0.783662897282 0.0258518871576
0.991774437465 0.521261304797 0.799940383101 0.0393407693156
0.991873471143 0.0560278094293 0.678802185157 0.0542616554228
0.996370861755 0.439943209292 0.753694236132 0.0298445775598
0.990748070411 0.542710864645 0.780779212119 0.0179972094366
0.96242756149 0.96242756149 0.96242756149 0.0
0.993729690717 0.521261304797 0.743133113917 0.0295544053834
1.0 0.353370962424 0.728834768926 0.023049142688
0.964714993097 0.513161084036 0.777623592793 0.0292894832717
0.964714993097 0.479518603873 0.700867654834 0.0247623064597
0.976646627048 0.513161084036 0.804524654073 0.0296926267682
0.987641303709 0.710986524378 0.821939410785 0.00842290452586
0.996614992345 0.521261304797 0.807646795656 0.0301216692728
0.996614992345 0.521261304797 0.807646795656 0.0301216692728
0.960770584016 0.479518603873 0.698876076226 0.0254475115124
0.979508305272 0.521261304797 0.661701184485 0.0234572705245
0.934243257934 0.479518603873 0.637410265575 0.022444369593
0.521261304797 0.521261304797 0.521261304797 0.0
0.995356605592 0.256846408838 0.633764223821 0.0483409138985
0.997268349714 0.256846408838 0.751160055704 0.0428227664791
0.993382641892 0.256846408838 0.632782287599 0.0466188277224
0.964189695484 0.256846408838 0.624327549163 0.0520780811172
0.995874767283 0.256846408838 0.697102508589 0.0465904639582
0.973043025887 0.378327512403 0.750938081146 0.0662414617352
0.973043025887 0.378327512403 0.750938081146 0.0662414617352
0.973043025887 0.378327512403 0.750938081146 0.0662414617352
0.993794078965 0.33563765348 0.750450669049 0.0453266052812
0.999235837727 0.52930142742 0.74941973916 0.0342888360066
0.999235837727 0.542710864645 0.778600635702 0.0233270259768
0.992435561048 0.925866501679 0.957484435813 0.000546433150389
0.911356179367 0.256846408838 0.637082599289 0.038808429297
0.992435561048 0.925866501679 0.957484435813 0.000546433150389
0.964189695484 0.256846408838 0.625229290145 0.0527687238787
0.997793803947 0.542710864645 0.77965350798 0.0329398812086
0.996217785042 0.256846408838 0.636659293446 0.0458596792046
0.998782274695 0.542710864645 0.779363032124 0.0331408941009
0.998644593396 0.256846408838 0.711292287254 0.0560206153909
0.998243021926 0.256846408838 0.670299222867 0.0546091678837
0.997628702797 0.256846408838 0.668898718238 0.0544092737734
0.997417364836 0.195029636806 0.745713671237 0.0454578873039
0.973043025887 0.378327512403 0.750938081146 0.0662414617352
0.997417364836 0.424760332422 0.715383870382 0.0624839011673
0.995538060074 0.256846408838 0.665572219218 0.0435715544716
0.983985121369 0.264817127612 0.705898862285 0.0652246553049
0.997417364836 0.256846408838 0.668645171386 0.0540417922372
0.998243021926 0.256846408838 0.670299222867 0.0546091678837
0.998243021926 0.256846408838 0.774510093311 0.0464862593843
0.99469291092 0.520731117186 0.754449410539 0.0433705542273
0.99469291092 0.63093101386 0.827996495269 0.0163770009933
0.998486067486 -0.0773650573906 0.749427459551 0.0675345847938
1.0 0.198974894561 0.680793055179 0.0452671840811
0.994422208461 0.771278039887 0.88049383212 0.00702046730165
0.9995305558 0.924298658309 0.962808802043 0.000720335798443
1.0 0.256846408838 0.697456257018 0.0623555753097
0.992374711179 0.639764030204 0.824522475114 0.0133635166211
0.994708416433 0.508603920453 0.828179164497 0.0301429193742
0.993382641892 0.513161084036 0.788130060282 0.0371033617797
0.999235837727 0.52930142742 0.782919919187 0.0301805751749
0.996947044007 0.643841986234 0.830535221416 0.0161506131104
0.947130671056 0.451415734336 0.749080344323 0.0247018663812
0.993382641892 0.519918119766 0.744728427615 0.0317492285316
0.958705571335 0.256846408838 0.629631113728 0.0456041177083
1.0 1.0 1.0 1.0
0.999235837727 0.520731117186 0.746093805943 0.0349639606389
0.997083481067 0.256846408838 0.633798875911 0.0449102239596
0.970511785912 0.378327512403 0.783744459084 0.0558018621346
0.950750464526 0.451415734336 0.696989360911 0.0274333536503
0.997311744369 0.256846408838 0.669074379066 0.0537283468691
0.964189695484 0.256846408838 0.5884575447 0.0408777209635
0.966936296472 0.451415734336 0.730490418979 0.0307479817344
0.991549326234 0.468893364404 0.757657274517 0.0279686700167
0.998254578452 0.542710864645 0.779227873544 0.0330266240238
0.995356605592 0.451415734336 0.778276340804 0.0308828774931
0.996124990022 0.535467938776 0.749114402824 0.0334067482371
0.995559941499 0.928618201273 0.964819349157 0.000590454100989
0.992228562352 0.921642853316 0.962727726684 0.000729012253847
0.911705812938 0.256846408838 0.54927455478 0.0376707986636
0.911705812938 0.256846408838 0.54927455478 0.0376707986636
0.995356605592 0.641584748919 0.825964583114 0.0137015723689
0.994923783618 0.256846408838 0.696420475323 0.0433296760954
1.0 1.0 1.0 1.0
0.997443709044 0.256846408838 0.718739590512 0.0383284812877
0.994851675731 0.923322029861 0.957120267707 0.000596756877768
1.0 0.243035294132 0.636668087309 0.0597780411335
0.996273688226 0.366177397609 0.701035603325 0.0685668139192
0.99581938443 0.256846408838 0.674764941784 0.0524384155279
0.989528677139 0.989528677139 0.989528677139 0.0
0.995356605592 0.641584748919 0.825964583114 0.0137015723689
0.996124990022 0.542710864645 0.762592935983 0.0287578491404
0.995356605592 0.641584748919 0.855123944384 0.0115597866961
0.996124990022 0.535467938776 0.749114402824 0.0334067482371
0.993390460582 0.256846408838 0.590979371906 0.0420622597922
0.996124990022 0.542710864645 0.779018034001 0.0236247953387
0.974546880211 0.513161084036 0.795063121626 0.0377227293597
0.991236461746 0.638368351291 0.787241424198 0.013983471634
0.975706878852 0.653022324035 0.846226051907 0.0148993829949
0.983150330933 0.931868264 0.959885337078 0.000363454063429
0.979780604766 0.250304045845 0.644880528608 0.0330279896862
0.991236461746 0.638368351291 0.85731141274 0.0231193942479
0.991236461746 0.638368351291 0.787241424198 0.013983471634
0.964434593848 0.640700548064 0.825491773313 0.00971051797949
0.991236461746 0.256846408838 0.66841053881 0.0443457507378
0.984716680716 0.256846408838 0.63319253085 0.0439640981725
0.991236461746 0.256846408838 0.668683811187 0.046019105943
0.990852080499 0.653022324035 0.79966044485 0.0102031779231
0.927298188639 0.631083997465 0.769862983879 0.00824803943696
0.991236461746 0.256846408838 0.66841053881 0.0443457507378
0.991236461746 0.638368351291 0.86008563421 0.0172669858833
0.994944388396 0.256846408838 0.663427029868 0.0439630880447
0.979780604766 0.256846408838 0.631123812891 0.0431970388596
0.991236461746 0.256846408838 0.667404630343 0.0403805678759
0.979780604766 0.256846408838 0.631123812891 0.0431970388596
0.991236461746 0.256846408838 0.67373118652 0.0483441123823
0.996495622389 0.198633497431 0.688959235868 0.0677922113246
0.984716680716 0.256846408838 0.63319253085 0.0439640981725
0.991236461746 0.256846408838 0.667404630343 0.0403805678759
0.987190333155 0.198633497431 0.637231224414 0.0762120866538
0.990632629641 0.720758089345 0.846320710839 0.00812264185602
0.990852080499 0.653022324035 0.79966044485 0.0102031779231
0.991236461746 0.256846408838 0.667404630343 0.0403805678759
0.927298188639 0.653022324035 0.777068213302 0.00744824757593
0.927298188639 0.640700548064 0.770463501239 0.00775243070792
0.927298188639 0.653022324035 0.777068213302 0.00744824757593
0.975706878852 0.653022324035 0.846226051907 0.0148993829949
0.790544398718 0.0896239949107 0.555004685002 0.0454010960884
0.936206984994 0.653022324035 0.821120622576 0.00885588637208
0.974098393206 0.648388163801 0.844976448323 0.0150931993998
0.975706878852 0.653022324035 0.846226051907 0.0148993829949
0.973118307932 0.256846408838 0.625825313948 0.0313746033844
0.991236461746 0.638368351291 0.86008563421 0.0172669858833
0.966747782112 0.640700548064 0.841850543626 0.0151796707874
0.966747782112 0.353370962424 0.678082193675 0.0282745336242
0.975706878852 0.653022324035 0.846226051907 0.0148993829949
0.994437960495 0.640867479072 0.860719916966 0.0172649767682
0.993962157599 0.641584748919 0.821515466742 0.0153927260367
0.994403370891 0.994403370891 0.994403370891 0.0
0.993506171284 0.640700548064 0.796884177256 0.0112984773257
0.988340564234 0.653022324035 0.824455557225 0.0174342535239
0.975706878852 0.569552933733 0.821193958968 0.0117577069864
0.944324725706 0.431763253352 0.730020889412 0.0143755191288
0.927298188639 0.640700548064 0.770463501239 0.00775243070792
0.925204755834 0.431763253352 0.725624084185 0.0130980982829
