1.0 0.293863634105 0.705050725821 0.0298627866307
0.994809021143 0.529040164747 0.740859043703 0.0354329022928
0.969209065909 0.723191237825 0.873152855301 0.00693482103171
0.997026631377 -0.071325486472 0.655886775772 0.0753539713379
0.996124151189 0.63370778814 0.836495831762 0.0126177132548
0.996457691885 0.50147677206 0.785550179112 0.0436450478232
0.995760428355 0.198633497431 0.677042201349 0.0467704156059
0.996775345371 0.750428879145 0.894295894051 0.00521696379333
0.994797204782 0.633021008941 0.829735330301 0.0107393595609
0.998493807738 0.625207810435 0.818680203828 0.0121546695323
0.9988334853 0.510318954846 0.870511301411 0.0161452819803
0.992721490541 0.479777086024 0.795253228214 0.0288066092136
0.988824765985 0.574499964376 0.776467215874 0.0244540913918
1.0 0.453311090153 0.78371493643 0.0225750699826
0.988291196806 0.566420816341 0.769692547209 0.0217760976517
0.991712407279 0.565269292789 0.78114431163 0.0395755425755
0.992330508212 0.565269292789 0.780574666734 0.0394095000289
0.97280253999 0.565269292789 0.761677880446 0.0345095989696
0.996608822261 0.574499964376 0.799026652639 0.0361190756959
0.99715265818 0.565269292789 0.777738501017 0.0409748615447
0.984397050458 0.292514437314 0.794558726979 0.0371726066775
0.995020773307 0.256846408838 0.625861491854 0.0445773406673
0.981463198325 0.451415734336 0.840965743576 0.0225686810289
1.0 0.565269292789 0.782305231698 0.0413816625833
0.969400615252 0.565269292789 0.757525654841 0.0338375426885
0.980477715732 0.565269292789 0.78010813112 0.0396115048152
0.983712062545 0.566420816341 0.765341291095 0.0332926729616
1.0 0.256846408838 0.687567057174 0.04283517937
0.991033657646 0.565269292789 0.782295945499 0.0378959942367
0.965740009054 0.565269292789 0.758272253308 0.0332452545429
0.973345178318 0.973345178318 0.973345178318 0.0
0.98976810626 0.562278996165 0.771454034882 0.0255515409791
0.984041837712 0.256846408838 0.680089088886 0.0546809316523
0.982487126836 0.256846408838 0.679753515352 0.0554441903966
0.991149885622 0.479518603873 0.682458323689 0.0336101653114
1.0 0.371265341124 0.703197392448 0.0634012077315
0.968960455421 0.256846408838 0.672993021784 0.0472479862845
0.978550919906 0.565269292789 0.783480404649 0.0373627992925
1.0 0.256846408838 0.619307616478 0.0456639125631
0.995314435944 0.195029636806 0.666497878912 0.0464977288236
0.997442451722 0.534544170443 0.829460930468 0.0365567872815
0.977642818981 0.873821807791 0.918431683112 0.00190306546556
1.0 0.264817127612 0.677461907758 0.0761805248621
0.887158899412 0.172398033318 0.54288008471 0.0427838454362
0.997715943167 0.264817127612 0.69012429432 0.0571655411338
0.972400124603 0.551429345858 0.76232780128 0.0222928965648
1.0 0.256846408838 0.71454566188 0.0509212930141
0.977642818981 0.578859929779 0.797418344726 0.0216631831971
0.99045587916 0.589630351452 0.82733254479 0.0261241333586
0.977640387039 0.256846408838 0.690785192807 0.058267936393
1.0 0.256846408838 0.681102545459 0.066085044988
1.0 0.256846408838 0.626352877933 0.0663516072938
0.991158256238 0.592667010217 0.824378695238 0.0251245853518
0.976157228476 0.22595442467 0.667842108777 0.0414158226695
0.9430931976 0.256846408838 0.668192075974 0.0535481211603
0.968977458343 0.968977458343 0.968977458343 0.0
0.968873089533 0.968873089533 0.968873089533 0.0
0.9961753128 0.256846408838 0.746926172239 0.0528900755108
1.0 0.256846408838 0.626352877933 0.0663516072938
0.992262258012 0.195029636806 0.713250197359 0.0421511630557
1.0 0.256846408838 0.658597263995 0.0632882646533
0.965969331329 0.565269292789 0.760715219015 0.0310567126626
1.0 0.256846408838 0.601485652443 0.0620624646998
0.969915019255 0.385401396773 0.666255001817 0.0325105289106
0.984716680716 0.196525795395 0.644273396765 0.0569948052354
0.982944006118 0.565269292789 0.782747065656 0.0369760687085
0.97280253999 0.97280253999 0.97280253999 0.0
1.0 0.7909440414 0.89391988075 0.00962502008756
1.0 0.256846408838 0.659089637013 0.0572148335403
0.965969331329 0.196525795395 0.729645602108 0.0439366449725
0.994864386912 0.817208645763 0.933075258568 0.00471422290049
0.997781171827 0.256846408838 0.676545709735 0.0528045541663
0.964135591546 0.565269292789 0.76440286787 0.0328663757572
0.995429131252 0.92535132354 0.962657807995 0.000688801387065
0.948829547288 0.256846408838 0.678131316805 0.0518149020586
0.970060027569 0.256846408838 0.6766729334 0.0559036044732
0.989545518726 0.565269292789 0.828771688584 0.0333528375541
0.995864115572 0.256846408838 0.685528098108 0.0566554217403
0.97003150171 0.22595442467 0.66046661765 0.0365755357956
0.991965385955 0.565269292789 0.787874418347 0.0358273069396
0.916251430329 0.307806555919 0.531774442457 0.0745824466713
0.968607635889 -0.393070154329 0.487060858205 0.142821446414
0.96924023653 0.256846408838 0.671415704034 0.0572266507692
0.97732228376 0.256846408838 0.682054246416 0.0542591183807
0.974301697701 0.256846408838 0.684001501654 0.0510547277622
0.99450547736 0.256846408838 0.718822393983 0.0572056943855
0.995794040214 0.256846408838 0.683739784504 0.0560879966065
0.966036899382 0.256846408838 0.626438624265 0.0507078777565
0.979372651476 0.256846408838 0.588671602241 0.042002704775
1.0 0.453311090153 0.73750765771 0.027911374947
0.989062662191 0.968267586343 0.976004983923 8.62252232273e-05
0.975701677724 0.371265341124 0.74372437657 0.0615488724676
0.961552167083 0.565269292789 0.769270158013 0.0306194714195
0.96791000839 0.96791000839 0.96791000839 0.0
0.997781171827 0.922700114874 0.962843677004 0.000678464041365
0.972678945553 0.33563765348 0.714401790679 0.0530998671786
0.99468779424 0.536505208731 0.717416315205 0.0302724261161
0.995578606625 0.256846408838 0.663073083794 0.0436290378917
0.997682008298 0.542710864645 0.813173924502 0.0322096413848
0.996551681798 0.542710864645 0.810330896605 0.0317293126411
0.970511785912 0.332459271719 0.727190836462 0.0651485478301
0.986814632103 0.986814632103 0.986814632103 0.0
0.970511785912 0.371265341124 0.774911072832 0.0566069412329
0.987460478395 0.516198065036 0.799526679043 0.0309098768003
0.996156483139 0.536505208731 0.817162915333 0.0329230772316
0.988436045211 0.542710864645 0.813749517719 0.0307920541847
0.997746587982 0.542115755022 0.718983279356 0.0302573164421
0.993371031322 0.535528383251 0.843466832219 0.0202012621736
0.998402396247 0.542710864645 0.813436180207 0.0325040784408
0.996618814352 0.536505208731 0.786266917923 0.0319806084051
0.998001206732 0.540078857685 0.799927299685 0.0378935879045
0.998885206759 0.551429345858 0.793662254227 0.0359074362567
0.995923460448 0.536505208731 0.786589344788 0.0317820139461
0.987460478395 0.540757713375 0.752402553872 0.0290395825017
0.986404022052 0.540757713375 0.729851001403 0.0272465608933
0.99636361406 0.542710864645 0.813565644033 0.031881616124
0.979372651476 0.256846408838 0.588446458765 0.0422630440386
0.998566671887 0.541358420264 0.744946674709 0.0337743882415
0.967948379128 0.967948379128 0.967948379128 0.0
0.996976616238 0.514504988551 0.858404203181 0.0332202279491
0.977640387039 0.565269292789 0.78016823327 0.0377607766222
0.998566671887 0.484773360546 0.778958234659 0.0362652109105
0.995425078568 0.536505208731 0.790791363091 0.0394755056683
0.996622982325 0.568913853394 0.78529409652 0.0393707359373
1.0 0.195029636806 0.734242429221 0.0439099827708
0.989728709264 0.542710864645 0.796500048664 0.0359172183514
0.965969331329 0.451415734336 0.789626118068 0.0236608982707
0.996282679196 0.542115755022 0.750452005042 0.0288710507228
0.974151111592 0.368288998262 0.737466038715 0.0657065573244
0.987324121463 0.542710864645 0.813477817495 0.0283630367308
0.998312429069 0.2551417999 0.730881073633 0.0261200307178
0.996587514279 0.527857830147 0.813242870671 0.0332234966697
0.969640668147 0.5910395599 0.787293191963 0.0289711286441
0.996243972889 0.529098195046 0.814182491878 0.0282924936618
0.998312429069 0.562567796994 0.869469846053 0.0199095339152
0.99764759074 0.542710864645 0.813379221472 0.0322054822182
0.971923026789 0.674163962483 0.849784808222 0.0127567262823
0.997781171827 0.752198884254 0.91306466791 0.00783889211814
0.995578606625 0.514504988551 0.748303558834 0.0336249266225
0.935444628029 0.513161084036 0.744049270101 0.0360469614472
0.996094683243 0.514504988551 0.741020197668 0.0373941485232
1.0 0.711472019543 0.872359225578 0.00641080152121
0.994699198649 0.922700114874 0.957178064347 0.000562036939601
0.935444628029 0.924454070654 0.928640609728 2.35576573206e-05
0.998628174799 -0.393070154329 0.539761321981 0.163990617877
0.986967573398 0.513161084036 0.77679727829 0.0291643174527
0.990270687064 0.451415734336 0.809864258751 0.0204486924543
0.997696405235 0.536505208731 0.805436641789 0.030043129854
0.9965276186 0.962326650402 0.974752445356 0.000238656474807
0.993937264813 0.234820166709 0.687553085339 0.0788696269929
0.997687686841 0.536580270835 0.799426235202 0.0380311402815
0.998035181212 0.540063148154 0.842529729843 0.0287808900782
0.996243972889 0.0315456277701 0.627054496951 0.0447477117744
0.98723505659 0.479518603873 0.678697369265 0.036380069272
0.97167376934 0.932763736951 0.954951618707 0.000221932046672
0.9953502763 0.513161084036 0.821994594595 0.0291484893004
1.0 0.519918119766 0.73529913783 0.0262118617532
0.935985270508 0.372576704482 0.651517399893 0.0259728099094
0.994411176482 0.891588996238 0.938844431422 0.00154980350523
0.997781171827 0.536505208731 0.82232774916 0.0284398615258
0.54700737566 0.54700737566 0.54700737566 0.0
1.0 1.0 1.0 1.0
0.995425078568 0.536505208731 0.74737506764 0.0332798408415
1.0 0.479518603873 0.71612409428 0.0342547961888
0.936106241878 0.513161084036 0.743451914767 0.0363461851517
0.964625770455 0.307806555919 0.720625139719 0.0659923770825
0.995885835143 0.801190949163 0.915882691243 0.00480188575264
0.922547079203 0.724516405922 0.864582681624 0.00329727675361
0.989784766507 0.933879492398 0.960085805814 0.000301017345512
0.992355239467 0.437150798924 0.759292987647 0.0553449665076
0.991901390534 0.437150798924 0.760198344524 0.0552890108747
0.992001573129 0.41949352331 0.756285920571 0.0551508309329
0.996293875168 0.927565517949 0.962636636724 0.000588682177064
0.993844451555 0.541408747667 0.831393245565 0.0346366649484
0.991854532664 0.476195214453 0.805606913347 0.0412720137505
0.996783600275 0.928618201273 0.96091526258 0.000427879120699
0.993400108959 -0.393070154329 0.471750466914 0.132666185217
1.0 0.196525795395 0.627429863965 0.0516140609553
1.0 0.256846408838 0.607112538225 0.0510917912791
1.0 0.256846408838 0.604860612313 0.0553823087322
1.0 0.256846408838 0.633054390656 0.0539488113768
0.988015945711 0.528862231229 0.78217714651 0.0224474144269
0.997955541799 0.33563765348 0.682943699286 0.0415261273477
0.985091334767 0.814906197324 0.890974061986 0.00215963750646
1.0 0.256846408838 0.62387931993 0.057354121352
0.916919861206 0.256846408838 0.618326670299 0.0444014452523
1.0 0.256846408838 0.680001041266 0.0509833028695
0.998550884469 0.472460869089 0.80618909192 0.0276581837441
0.972322700352 0.763554337924 0.894301373809 0.00577213285139
0.954735256413 0.762118869499 0.850923971406 0.0037146654846
0.994872868355 0.437150798924 0.761252711803 0.0546076505653
0.950672959754 0.753813511701 0.846998868175 0.00403043126475
0.990025835491 0.928618201273 0.959766844967 0.000332854461731
0.994685186334 0.928618201273 0.964930256312 0.000413330962982
0.993316531405 0.87379012812 0.935286731283 0.00122232886982
0.993316531405 0.928618201273 0.960373701942 0.00038648868461
0.989383592604 0.931893458294 0.964621907528 0.000318768288376
0.995051333872 0.928618201273 0.96160075627 0.000342100027747
0.993316531405 0.845072729675 0.925796630302 0.00219099300037
0.994046282331 0.928618201273 0.962547142149 0.000374647496535
0.974188641893 0.756448136237 0.892747156858 0.00632267680328
0.983524747924 0.755603314243 0.866779233214 0.00572159347878
0.976230050934 0.771458309268 0.881930747034 0.00455849510977
0.96069983723 0.643131113634 0.811760513679 0.00897606876297
0.967414317775 0.540136959657 0.719830602739 0.0285142320362
0.968753177492 0.521261304797 0.761327928842 0.0392217968052
0.96108363682 0.521261304797 0.717099534487 0.0286770341735
0.991774437465 -0.28405097303 0.505257979395 0.210177494092
0.991283681614 0.252977075189 0.623666110403 0.0719338301734
0.949581444117 0.949581444117 0.949581444117 0.0
0.991568221175 0.518499062519 0.801467777781 0.0400844311411
1.0 1.0 1.0 1.0
0.965277016349 0.838397261696 0.922684562447 0.00181322270213
0.979741874849 0.937737359225 0.953397187871 0.000351146320916
0.991385629538 0.928618201273 0.962427186058 0.000461109408902
0.996949242961 0.495153238915 0.833738553868 0.0284603667466
0.991774437465 0.521261304797 0.79985501952 0.0393006552652
0.991987026275 0.0560278094293 0.678622720156 0.0542013889132
0.995518126224 0.439943209292 0.755177822268 0.0298412111002
0.989667200202 0.634800811402 0.83435493856 0.0101378753636
0.949667720655 0.949667720655 0.949667720655 0.0
0.994206033512 0.521261304797 0.743147275193 0.0297368119184
0.983406212996 0.353370962424 0.763561070738 0.0237624968144
0.963828547105 0.513161084036 0.777815180711 0.0293478867609
0.917045851926 0.479518603873 0.700916628459 0.0165364719304
0.976646627048 0.513161084036 0.804513818543 0.0297697708917
0.987584364907 0.710986524378 0.822526845788 0.00841211563179
0.996383440218 0.521261304797 0.782236181006 0.0339950466847
0.996432503103 0.521261304797 0.811139416795 0.0298747066291
0.961118058734 0.479518603873 0.699081002229 0.0253607805386
0.944631372954 0.521261304797 0.656633136259 0.0201260332957
0.958727224964 0.521261304797 0.653629261943 0.0220528117844
0.552204810053 0.552204810053 0.552204810053 0.0
0.995356605592 0.256846408838 0.637564899353 0.0488893052881
0.994429748064 0.256846408838 0.766807193458 0.0428297099869
0.993620801543 0.256846408838 0.63304371321 0.0469166208963
0.964189695484 0.256846408838 0.624323575566 0.0521352944538
0.995846415311 0.256846408838 0.696982981312 0.0466018822266
0.982539575381 0.404776170544 0.759344773388 0.0648814410496
0.973043025887 0.346884644905 0.741214032936 0.065958998847
0.970511785912 0.378327512403 0.739109936246 0.0541764836524
0.994283631512 0.33563765348 0.75035989809 0.045428183464
0.999235837727 0.52930142742 0.754210370098 0.031305103829
0.9979342073 0.542710864645 0.779415277115 0.0229949603039
0.990053598285 0.925866501679 0.961308218315 0.000431658592058
0.909691041563 0.256846408838 0.637243083906 0.0387277252593
0.992808728045 0.925983118822 0.957534253023 0.000548906297534
0.964189695484 0.256846408838 0.626472907158 0.0541725148651
0.997793803947 0.542710864645 0.77965350798 0.0329398812086
0.996217785042 0.256846408838 0.635817623367 0.0461117862429
0.998729806431 0.542710864645 0.779326730736 0.0331398621278
0.998644593396 0.256846408838 0.713270161777 0.0488067374447
0.990440143147 0.256846408838 0.66114941151 0.0427004812666
0.997694197726 0.256846408838 0.669925203615 0.0542492071646
0.997417364836 0.195029636806 0.745725138364 0.0454523451311
0.981035781003 0.933520098894 0.957608297239 0.000269967524554
0.997370574648 0.424760332422 0.715622211935 0.0623651335686
0.995874553252 0.256846408838 0.665481550942 0.0435620942602
0.983858196434 0.264817127612 0.706079971884 0.0652683059429
0.997417364836 0.196525795395 0.718942006629 0.0434213946414
0.998243021926 0.256846408838 0.63059990505 0.0362134517888
0.997874073346 0.256846408838 0.774722615842 0.0465226123967
0.994254814096 0.520731117186 0.754123440684 0.043174495576
0.995296770261 0.63093101386 0.828914372034 0.0163390718731
0.998486067486 -0.0466628730745 0.752638368368 0.0665033852433
1.0 0.198974894561 0.680835799197 0.0452977629961
0.994551214219 0.770357918902 0.880310858713 0.00705336760944
0.999594629708 0.92442964472 0.96282515926 0.000720940782829
1.0 0.256846408838 0.697721470522 0.0623233585811
0.992209306567 0.641584748919 0.827202958128 0.0130123519025
0.982087954407 0.424514343735 0.765328017629 0.0366712311884
0.995149224786 0.197921508132 0.710309164592 0.0488696732077
0.996976616238 0.524247644282 0.78399762705 0.02997558283
0.99650585763 0.641951307916 0.830205015615 0.0161594088011
0.967922911795 0.451415734336 0.754480487745 0.0254184315882
0.934491782878 0.519918119766 0.751936111836 0.023024917117
0.971301845405 0.256846408838 0.633074914951 0.0458120465389
1.0 1.0 1.0 1.0
0.999235837727 0.526612710158 0.746462271742 0.0345643896431
0.996516709949 0.256846408838 0.634237484106 0.0448915853459
0.976696948248 0.378327512403 0.78565914522 0.0575907316445
0.95062339004 0.451415734336 0.696149234235 0.0274951956233
0.997396096444 0.256846408838 0.669172395268 0.0537104637428
0.983535210703 0.256846408838 0.632285885518 0.05029997063
0.947130671056 0.451415734336 0.69730710541 0.0270171558591
0.991465247783 0.468893364404 0.757598520515 0.0279504174479
0.997862292108 0.542710864645 0.778843494046 0.0330718401709
0.991465786749 0.451415734336 0.77863344735 0.0308842922162
0.99794653905 0.542115755022 0.75025733216 0.033024308372
0.996062115781 0.928618201273 0.964969772496 0.000589903745986
0.992287160618 0.921846768547 0.962800745452 0.000728122651881
0.909408201169 0.256846408838 0.63014289384 0.0426454541454
0.910033935769 0.256846408838 0.549551273434 0.0374826033353
0.994254548331 0.641584748919 0.833421516653 0.0123455174311
0.994590723982 0.256846408838 0.696689916827 0.0433075294534
1.0 1.0 1.0 1.0
0.999066364782 0.256846408838 0.718380641243 0.0383392927824
0.995007635866 0.92346330354 0.957166573818 0.000597074520045
1.0 0.243035294132 0.636624499906 0.0599703268299
0.995762892708 0.366177397609 0.70105663221 0.0687587346443
0.996306984915 0.256846408838 0.675373981028 0.0525839447694
0.989566979419 0.989566979419 0.989566979419 0.0
0.995356605592 0.641584748919 0.822461045382 0.0120746315541
0.995914556595 0.542710864645 0.762524326933 0.0287683623553
0.99794653905 0.620056627017 0.854007476774 0.0117938191634
0.998793510326 0.542710864645 0.813207888874 0.0317293093833
0.940476677818 0.256846408838 0.63648310624 0.0405522641849
0.996124990022 0.260215066301 0.74027983248 0.035318289797
0.97752964864 0.513161084036 0.795287771011 0.0387943797417
0.979729566091 0.638368351291 0.799781489748 0.0120089978904
0.97703484679 0.656003571916 0.847191368879 0.0148107102619
0.985891926915 0.933921617305 0.961044456962 0.000372116577963
0.955259274521 0.250304045845 0.646231113151 0.0319975129738
0.991236461746 0.768719284855 0.907240222901 0.00832789596619
0.991236461746 0.638368351291 0.750855644602 0.0160659793205
0.96428333305 0.63998025845 0.825338487868 0.00972757334966
0.991236461746 0.256846408838 0.676075540527 0.0417102059114
0.974277452095 0.256846408838 0.638985138004 0.0415822525789
0.991236461746 0.256846408838 0.669890107356 0.0464815416412
0.988389225162 0.676605437447 0.811606103687 0.00921655737339
0.927298188639 0.630784488064 0.769802133498 0.00826173195291
0.991236461746 0.256846408838 0.670199614385 0.0463544040304
0.986106271724 0.638368351291 0.865312243994 0.0106709512789
0.995789803765 0.256846408838 0.662820208677 0.0438789492852
0.979780604766 0.256846408838 0.623881243946 0.0437172053211
0.991236461746 0.256846408838 0.653226134065 0.0387211285885
0.909739255362 0.256846408838 0.641483527355 0.0382562777123
0.991236461746 0.256846408838 0.674567777468 0.0458884999793
0.996642687209 0.198633497431 0.689552007749 0.0665961597033
0.984716680716 0.256846408838 0.632743081046 0.0439107673503
0.991229613297 0.256846408838 0.667800524732 0.0406351001561
0.992943051376 0.198633497431 0.636412999116 0.0739996262001
0.991127249495 0.720758089345 0.849142244945 0.00780774619868
0.961600935286 0.653022324035 0.813143242904 0.010068925777
0.991236461746 0.256846408838 0.667179961485 0.044234093242
0.946516785416 0.653022324035 0.787222627179 0.00902504786152
0.927298188639 0.6402189078 0.770338616776 0.00777100409887
0.927298188639 0.641536736348 0.772015631915 0.00777898279726
0.953369070923 0.653022324035 0.849352962424 0.0100086503478
0.931985962892 0.0896239949107 0.582536878969 0.0571836759147
0.936206984994 0.6477539655 0.805351402135 0.0108311682868
0.974098393206 0.648388163801 0.844976448323 0.0150931993998
0.975706878852 0.73164592944 0.870023774109 0.00869089643602
0.972522389194 0.256846408838 0.62587378486 0.0313347472167
0.991982874694 0.638368351291 0.858264351113 0.01757938251
0.966909090205 0.641348172458 0.842049778714 0.0151546228951
0.965850592076 0.353370962424 0.678088871708 0.0282191196824
0.980096854985 0.692971519473 0.855052797357 0.0129802410639
0.994072926167 0.640867479072 0.861248924105 0.0172594480183
0.993962157599 0.641584748919 0.821738929707 0.0152362268572
0.995052158515 0.995052158515 0.995052158515 0.0
0.993526886152 0.640700548064 0.797226720768 0.0112630016409
0.992627179368 0.643543638867 0.819314683246 0.0185010557973
0.975706878852 0.731167418076 0.873205702373 0.00473790275725
0.944324725706 0.431763253352 0.731466059183 0.0159790158867
0.927298188639 0.640793748751 0.770529785941 0.00775080145482
0.942691178012 0.431763253352 0.758764296353 0.0163416015016
